0.000 0.000 0.059
-0.117 0.015 0.059
-0.046 0.109 0.059
0.071 0.094 0.059
0.117 -0.015 0.059
0.046 -0.109 0.059
-0.071 -0.094 0.059
-0.234 0.030 0.059
-0.163 0.123 0.059
-0.092 0.217 0.059
0.026 0.202 0.059
0.143 0.188 0.059
0.188 0.079 0.059
0.234 -0.030 0.059
0.163 -0.123 0.059
0.092 -0.217 0.059
-0.026 -0.202 0.059
-0.143 -0.188 0.059
-0.188 -0.079 0.059
-0.351 0.044 0.059
-0.280 0.138 0.059
-0.209 0.232 0.059
-0.137 0.326 0.059
-0.020 0.311 0.059
0.097 0.296 0.059
0.214 0.281 0.059
0.260 0.173 0.059
0.305 0.064 0.059
0.351 -0.044 0.059
0.280 -0.138 0.059
0.209 -0.232 0.059
0.137 -0.326 0.059
0.020 -0.311 0.059
-0.097 -0.296 0.059
-0.214 -0.281 0.059
-0.260 -0.173 0.059
-0.305 -0.064 0.059
-0.468 0.059 0.059
-0.397 0.153 0.059
-0.326 0.247 0.059
-0.254 0.341 0.059
-0.183 0.434 0.059
-0.066 0.420 0.059
0.051 0.405 0.059
0.168 0.390 0.059
0.285 0.375 0.059
0.331 0.267 0.059
0.377 0.158 0.059
0.423 0.049 0.059
0.468 -0.059 0.059
0.397 -0.153 0.059
0.326 -0.247 0.059
0.254 -0.341 0.059
0.183 -0.434 0.059
0.066 -0.420 0.059
-0.051 -0.405 0.059
-0.168 -0.390 0.059
-0.285 -0.375 0.059
-0.331 -0.267 0.059
-0.377 -0.158 0.059
-0.423 -0.049 0.059
-0.585 0.074 0.059
-0.514 0.168 0.059
-0.443 0.262 0.059
-0.371 0.355 0.059
-0.300 0.449 0.059
-0.229 0.544 0.059
-0.112 0.529 0.059
0.006 0.514 0.059
0.123 0.500 0.059
0.240 0.485 0.059
0.357 0.470 0.059
0.402 0.360 0.059
0.448 0.252 0.059
0.494 0.143 0.059
0.540 0.035 0.059
0.585 -0.074 0.059
0.514 -0.168 0.059
0.443 -0.262 0.059
0.371 -0.355 0.059
0.300 -0.449 0.059
0.229 -0.544 0.059
0.112 -0.529 0.059
-0.006 -0.514 0.059
-0.123 -0.500 0.059
-0.240 -0.485 0.059
-0.357 -0.470 0.059
-0.402 -0.360 0.059
-0.448 -0.252 0.059
-0.494 -0.143 0.059
-0.540 -0.035 0.059
-0.701 0.089 0.059
-0.630 0.182 0.059
-0.560 0.276 0.059
-0.488 0.370 0.059
-0.417 0.464 0.059
-0.346 0.559 0.059
-0.274 0.653 0.059
-0.157 0.638 0.059
-0.040 0.623 0.059
0.077 0.608 0.059
0.194 0.593 0.059
0.311 0.579 0.059
0.428 0.564 0.059
0.474 0.455 0.059
0.519 0.346 0.059
0.565 0.237 0.059
0.611 0.128 0.059
0.656 0.020 0.059
0.701 -0.089 0.059
0.630 -0.182 0.059
0.560 -0.276 0.059
0.488 -0.370 0.059
0.417 -0.464 0.059
0.346 -0.559 0.059
0.274 -0.653 0.059
0.157 -0.638 0.059
0.040 -0.623 0.059
-0.077 -0.608 0.059
-0.194 -0.593 0.059
-0.311 -0.579 0.059
-0.428 -0.564 0.059
-0.474 -0.455 0.059
-0.519 -0.346 0.059
-0.565 -0.237 0.059
-0.611 -0.128 0.059
-0.656 -0.020 0.059
-0.818 0.103 0.059
-0.747 0.197 0.059
-0.676 0.291 0.059
-0.605 0.385 0.059
-0.534 0.479 0.059
-0.463 0.574 0.059
-0.391 0.667 0.059
-0.320 0.761 0.059
-0.203 0.746 0.059
-0.086 0.732 0.059
0.031 0.717 0.059
0.148 0.702 0.059
0.265 0.687 0.059
0.382 0.672 0.059
0.499 0.658 0.059
0.545 0.549 0.059
0.591 0.440 0.059
0.636 0.331 0.059
0.681 0.222 0.059
0.727 0.114 0.059
0.773 0.005 0.059
0.818 -0.103 0.059
0.747 -0.197 0.059
0.676 -0.291 0.059
0.605 -0.385 0.059
0.534 -0.479 0.059
0.463 -0.574 0.059
0.391 -0.667 0.059
0.320 -0.761 0.059
0.203 -0.746 0.059
0.086 -0.732 0.059
-0.031 -0.717 0.059
-0.148 -0.702 0.059
-0.265 -0.687 0.059
-0.382 -0.672 0.059
-0.499 -0.658 0.059
-0.545 -0.549 0.059
-0.591 -0.440 0.059
-0.636 -0.331 0.059
-0.681 -0.222 0.059
-0.727 -0.114 0.059
-0.773 -0.005 0.059
-0.936 0.118 0.059
-0.864 0.212 0.059
-0.793 0.306 0.059
-0.722 0.400 0.059
-0.650 0.493 0.059
-0.579 0.588 0.059
-0.509 0.682 0.059
-0.437 0.776 0.059
-0.366 0.870 0.059
-0.249 0.855 0.059
-0.132 0.840 0.059
-0.015 0.825 0.059
0.102 0.811 0.059
0.219 0.796 0.059
0.337 0.781 0.059
0.454 0.766 0.059
0.571 0.751 0.059
0.616 0.643 0.059
0.662 0.534 0.059
0.707 0.426 0.059
0.753 0.316 0.059
0.798 0.208 0.059
0.844 0.099 0.059
0.890 -0.010 0.059
0.936 -0.118 0.059
0.864 -0.212 0.059
0.793 -0.306 0.059
0.722 -0.400 0.059
0.650 -0.493 0.059
0.579 -0.588 0.059
0.509 -0.682 0.059
0.437 -0.776 0.059
0.366 -0.870 0.059
0.249 -0.855 0.059
0.132 -0.840 0.059
0.015 -0.825 0.059
-0.102 -0.811 0.059
-0.219 -0.796 0.059
-0.337 -0.781 0.059
-0.454 -0.766 0.059
-0.571 -0.751 0.059
-0.616 -0.643 0.059
-0.662 -0.534 0.059
-0.707 -0.426 0.059
-0.753 -0.316 0.059
-0.798 -0.208 0.059
-0.844 -0.099 0.059
-0.890 0.010 0.059
-1.053 0.133 0.059
-0.981 0.227 0.059
-0.910 0.321 0.059
-0.839 0.414 0.059
-0.767 0.508 0.059
-0.696 0.603 0.059
-0.625 0.697 0.059
-0.553 0.791 0.059
-0.483 0.885 0.059
-0.412 0.978 0.059
-0.295 0.964 0.059
-0.177 0.949 0.059
-0.060 0.934 0.059
0.057 0.919 0.059
0.174 0.904 0.059
0.291 0.890 0.059
0.408 0.875 0.059
0.525 0.860 0.059
0.642 0.845 0.059
0.688 0.737 0.059
0.733 0.628 0.059
0.778 0.520 0.059
0.824 0.411 0.059
0.870 0.301 0.059
0.915 0.193 0.059
0.961 0.084 0.059
1.007 -0.024 0.059
1.053 -0.133 0.059
0.981 -0.227 0.059
0.910 -0.321 0.059
0.839 -0.414 0.059
0.767 -0.508 0.059
0.696 -0.603 0.059
0.625 -0.697 0.059
0.553 -0.791 0.059
0.483 -0.885 0.059
0.412 -0.978 0.059
0.295 -0.964 0.059
0.177 -0.949 0.059
0.060 -0.934 0.059
-0.057 -0.919 0.059
-0.174 -0.904 0.059
-0.291 -0.890 0.059
-0.408 -0.875 0.059
-0.525 -0.860 0.059
-0.642 -0.845 0.059
-0.688 -0.737 0.059
-0.733 -0.628 0.059
-0.778 -0.520 0.059
-0.824 -0.411 0.059
-0.870 -0.301 0.059
-0.915 -0.193 0.059
-0.961 -0.084 0.059
-1.007 0.024 0.059
-1.170 0.148 0.059
-1.098 0.242 0.059
-1.027 0.335 0.059
-0.956 0.429 0.059
-0.884 0.523 0.059
-0.813 0.618 0.059
-0.742 0.712 0.059
-0.670 0.805 0.059
-0.599 0.899 0.059
-0.528 0.993 0.059
-0.457 1.087 0.059
-0.340 1.072 0.059
-0.223 1.057 0.059
-0.106 1.043 0.059
0.011 1.028 0.059
0.128 1.013 0.059
0.245 0.998 0.059
0.362 0.983 0.059
0.479 0.969 0.059
0.596 0.954 0.059
0.713 0.939 0.059
0.758 0.831 0.059
0.804 0.722 0.059
0.850 0.613 0.059
0.895 0.505 0.059
0.941 0.396 0.059
0.987 0.287 0.059
1.032 0.178 0.059
1.078 0.069 0.059
1.124 -0.039 0.059
1.170 -0.148 0.059
1.098 -0.242 0.059
1.027 -0.335 0.059
0.956 -0.429 0.059
0.884 -0.523 0.059
0.813 -0.618 0.059
0.742 -0.712 0.059
0.670 -0.805 0.059
0.599 -0.899 0.059
0.528 -0.993 0.059
0.457 -1.087 0.059
0.340 -1.072 0.059
0.223 -1.057 0.059
0.106 -1.043 0.059
-0.011 -1.028 0.059
-0.128 -1.013 0.059
-0.245 -0.998 0.059
-0.362 -0.983 0.059
-0.479 -0.969 0.059
-0.596 -0.954 0.059
-0.713 -0.939 0.059
-0.758 -0.831 0.059
-0.804 -0.722 0.059
-0.850 -0.613 0.059
-0.895 -0.505 0.059
-0.941 -0.396 0.059
-0.987 -0.287 0.059
-1.032 -0.178 0.059
-1.078 -0.069 0.059
-1.124 0.039 0.059
-1.144 0.350 0.059
-1.073 0.444 0.059
-1.001 0.538 0.059
-0.930 0.633 0.059
-0.859 0.726 0.059
-0.787 0.820 0.059
-0.716 0.914 0.059
-0.645 1.008 0.059
-0.269 1.166 0.059
-0.152 1.151 0.059
-0.035 1.136 0.059
0.082 1.122 0.059
0.199 1.107 0.059
0.316 1.092 0.059
0.433 1.077 0.059
0.550 1.062 0.059
0.875 0.816 0.059
0.921 0.707 0.059
0.967 0.599 0.059
1.012 0.490 0.059
1.058 0.381 0.059
1.104 0.272 0.059
1.150 0.163 0.059
1.195 0.055 0.059
1.144 -0.350 0.059
1.073 -0.444 0.059
1.001 -0.538 0.059
0.930 -0.633 0.059
0.859 -0.726 0.059
0.787 -0.820 0.059
0.716 -0.914 0.059
0.645 -1.008 0.059
0.269 -1.166 0.059
0.152 -1.151 0.059
0.035 -1.136 0.059
-0.082 -1.122 0.059
-0.199 -1.107 0.059
-0.316 -1.092 0.059
-0.433 -1.077 0.059
-0.550 -1.062 0.059
-0.875 -0.816 0.059
-0.921 -0.707 0.059
-0.967 -0.599 0.059
-1.012 -0.490 0.059
-1.058 -0.381 0.059
-1.104 -0.272 0.059
-1.150 -0.163 0.059
-1.195 -0.055 0.059
-1.366 0.173 0.094
-1.317 0.401 0.094
-1.230 0.618 0.094
-1.108 0.817 0.094
-0.954 0.992 0.094
-0.773 1.140 0.094
-0.569 1.254 0.094
-0.349 1.332 0.094
-0.119 1.372 0.094
0.115 1.372 0.094
0.345 1.333 0.094
0.565 1.256 0.094
0.769 1.143 0.094
0.951 0.996 0.094
1.106 0.821 0.094
1.229 0.622 0.094
1.316 0.405 0.094
1.366 0.177 0.094
1.376 -0.056 0.094
1.347 -0.288 0.094
1.279 -0.511 0.094
1.174 -0.720 0.094
1.035 -0.908 0.094
0.867 -1.070 0.094
0.674 -1.201 0.094
0.461 -1.298 0.094
0.235 -1.357 0.094
0.002 -1.377 0.094
-0.230 -1.358 0.094
-0.456 -1.299 0.094
-0.669 -1.204 0.094
-0.863 -1.073 0.094
-1.032 -0.912 0.094
-1.171 -0.724 0.094
-1.277 -0.516 0.094
-1.345 -0.293 0.094
-1.376 -0.061 0.094
-1.544 0.330 0.094
-1.466 0.586 0.094
-1.346 0.825 0.094
-1.187 1.041 0.094
-0.994 1.227 0.094
-0.772 1.378 0.094
-0.529 1.488 0.094
-0.269 1.556 0.094
-0.003 1.579 0.094
0.264 1.557 0.094
0.524 1.490 0.094
0.768 1.380 0.094
0.990 1.231 0.094
1.183 1.045 0.094
1.344 0.830 0.094
1.464 0.591 0.094
1.543 0.335 0.094
1.577 0.070 0.094
1.567 -0.198 0.094
1.510 -0.460 0.094
1.411 -0.708 0.094
1.271 -0.937 0.094
1.095 -1.138 0.094
0.886 -1.306 0.094
0.653 -1.438 0.094
0.401 -1.527 0.094
0.137 -1.574 0.094
-0.131 -1.574 0.094
-0.396 -1.528 0.094
-0.648 -1.440 0.094
-0.882 -1.310 0.094
-1.091 -1.142 0.094
-1.268 -0.942 0.094
-1.408 -0.713 0.094
-1.509 -0.465 0.094
-1.566 -0.203 0.094
-1.577 0.064 0.094
-1.756 0.222 0.094
-1.693 0.515 0.094
-1.581 0.793 0.094
-1.425 1.050 0.094
-1.227 1.276 0.094
-0.993 1.464 0.094
-0.732 1.611 0.094
-0.449 1.712 0.094
-0.153 1.763 0.094
0.147 1.763 0.094
0.443 1.713 0.094
0.726 1.614 0.094
0.989 1.468 0.094
1.222 1.280 0.094
1.421 1.054 0.094
1.579 0.799 0.094
1.691 0.521 0.094
1.754 0.228 0.094
1.768 -0.072 0.094
1.730 -0.370 0.094
1.643 -0.657 0.094
1.508 -0.925 0.094
1.330 -1.167 0.094
1.115 -1.375 0.094
0.865 -1.544 0.094
0.593 -1.667 0.094
0.302 -1.744 0.094
0.003 -1.769 0.094
-0.296 -1.745 0.094
-0.587 -1.670 0.094
-0.861 -1.546 0.094
-1.110 -1.379 0.094
-1.326 -1.171 0.094
-1.506 -0.931 0.094
-1.641 -0.663 0.094
-1.729 -0.375 0.094
-1.768 -0.078 0.094
